78.02
70.78
21.52
3.37
52.63
84.17
25.64
2.19
93.34
23
43.44
50.3
47.49
92.21
74.2
41.95
94.52
54.87
56.83
75.81
40.06
77.57
27.77
62.87
47.19
55.01
83.94
30.16
14.06
82.59
45.1
45.89
48.89
95.44
53.89
4.83
59.87
65.43
12.97
89
60.98
69.28
1.24
37.67
32.43
60.63
20.16
31.55
63.29
50.71
4.12
70.82
51.5
34.31
1.71
7.32
51
57.85
34.28
18.01
4.21
52.06
28.41
70.07
40.33
39.41
56.07
56.65
58.49
84.64
70.67
74.76
19.07
30.5
23.06
38.83
74.54
19.26
51.07
78.62
64.67
47.06
17.02
64.61
57.4
57.3
65.56
80.92
52.28
97.64
34.38
46.83
29.18
94.14
27.02
22.29
62.2
26.11
76.66
53.36    