9.14
34.51
24.59
32.91
54.54
13.99
24.83
64.98
63.72
35.23
92.58
61.1
70.22
70.34
32.14
11.15
27.4
29.36
42.3
66.64
64.17
46.04
52.05
52.78
73.46
55.42
26.14
58.07
24.87
88.18
68.76
9.31
99.55
70.54
29.6
43.6
31.92
6.55
38.4
56.67
73.27
63.39
4.18
53.9
64.58
35.4
51.06
47.11
52.99
71.7
77
16.78
49.56
85.72
32.61
28.42
29.09
18.57
19.73
51.54
49.25
22.02
26.9
74.45
39.59
47.84
55.84
30.8
19.92
53.27
77.3
60.14
42.92
22.35
5.83
53.85
95.88
79.12
71.59
59.22
41.57
62.92
88.41
64.51
29.29
53.64
54.96
72.59
54.53
14.56
50.1
41.13
38.95
57.12
36.89
35.28
73.6
81.83
52.14
24.47  